Weekly predictions on 2024-12-13 05:45:09.969413:
[[230.00882827  51.85699997  57.80650002  12.17947966]
 [230.38369559  51.85699997  57.80650002  12.17947966]
 [230.80545831  51.85699997  57.80650002  12.17947966]
 [231.2542587   51.85699997  57.80650002  12.17947966]
 [231.69667347  51.85699997  57.80650002  12.17947966]
 [232.11662952  51.85699997  57.80650002  12.17947966]
 [232.4809372   51.85699997  57.80650002  12.17947966]]
Weekly predictions on 2024-12-13 05:45:16.550181:
[[196.30661  180.93152  157.19379   59.018585]
 [196.17924  180.82521  157.11192   58.98001 ]
 [196.01572  180.68875  157.00685   58.93049 ]
 [195.89322  180.58652  156.92813   58.893387]
 [195.80435  180.51234  156.87102   58.866474]
 [195.76141  180.4765   156.84343   58.85347 ]
 [195.77802  180.49037  156.8541    58.858498]]
